0.0  -1.8928649489983849
0.375  2.444798491815168
0.75  1.3296571159781247
1.125  2.2128351501861956
1.5  2.7476978041227533
1.875  5.1042961952096935
2.25  3.0045925640951308
2.625  4.118938319884113
3.0  4.857215923842234
3.375  5.522872034143456
3.75  7.268775349501913
4.125  5.367030669875977
4.5  6.08912262942622
4.875  6.531342932071977
5.25  7.596577854129031
5.625  9.424532353882157
6.0  8.820175254267282
6.375  10.299220857359044
6.75  9.532385606857066
7.125  11.079567549849163
7.5  12.089435264933144
7.875  10.582342154331215
8.25  12.369656954157051
8.625  13.238886051368137
9.0  14.288782952302705
