0.0  1.8807764253205521
0.375  2.2247478280250936
0.75  1.9440157138314316
1.125  1.06175176873268
1.5  1.3923278838447626
1.875  0.9404510107832217
2.25  0.5205366005304746
2.625  0.6179956753037176
3.0  0.6541023973536029
3.375  0.2483550046339102
3.75  0.21302852200133734
4.125  0.24624065995861805
4.5  -0.14909139320703657
4.875  0.7730968624354393
5.25  0.25836092093443686
5.625  -0.04489721023697463
6.0  -0.30049692525777905
6.375  0.2739258619432349
6.75  0.24469446741423903
7.125  -0.29182608423281864
7.5  -0.1667502324288394
7.875  0.31768355356949596
8.25  -0.08286960939958207
8.625  -0.015505083371022327
9.0  0.4412195488754152
